225
0
0
220
0
0
216
0
0
221
0
0
236
0
0
252
0
0
102
225
0
189
0
78
130
0
145
252
0
0
249
0
0
247
0
0
244
0
0
241
0
0
239
0
0
236
0
0
234
0
0
231
0
0
228
0
0
225
0
0
225
0
0
220
0
0
216
0
0
221
0
0
236
0
0
252
0
0
102
225
0
189
0
78
130
0
145
252
0
0
249
0
0
247
0
0
244
0
0
241
0
0
239
0
0
236
0
0
234
0
0
231
0
0
228
0
0
225
0
0
225
0
0
220
0
0
216
0
0
221
0
0
236
0
0
252
0
0
102
225
0
189
0
78
130
0
145
252
0
0
249
0
0
247
0
0
244
0
0
241
0
0
239
0
0
236
0
0
234
0
0
231
0
0
228
0
0
225
0
0
225
0
0
220
0
0
216
0
0
221
0
0
236
0
0
252
0
0
102
225
0
189
0
78
130
0
145
252
0
0
249
0
0
247
0
0
244
0
0
241
0
0
239
0
0
236
0
0
234
0
0
231
0
0
228
0
0
225
0
0
